
strategic_region={
	id=272
	name="STRATEGICREGION_272"
	provinces={
		148 178 550 739 1030 1314 1390 1516 1543 1686 1784 1821 1857 1859 1872 2035 2249 2297 2905 2910 2956 3001 3029 3063 3117 3145 3169 3220 3325 3449 3498 3551 3603 3681 3700 4063 4178 4223 4372 4426 4457 4588 4591 4592 4596 4600 4601 4611 4612 4622 4643 4650 4652 4653 4657 4678 4685 4704 4716 4721 4722 4726 4727 4738 4741 4752 4753 4754 4763 4764 4767 4768 4774 4775 4795 4796 4804 4805 4839 4855 4872 4877 4902 4913 4923 4946 6699 7583 7584 7585 7587 7592 
	}
	weather={
	}
}
